#query
0.894413489852,0.175670355601
0.267974531878,0.38579474967
0.966693936616,0.449064621725
0.133745003853,0.0230154063211
#alpha obj weights
-0.0001558593463970073,0.051716797389720695,0.17954307962385574,-0.00238594512805075
#alpha abs weights
-0.17678200713674522,0.13072365998879482,0.006310235183278329,-0.00440401702627156,0.0969784226808226,0.19600182685729536,0.04766777529141897,0.062332837280594515,0.04499753706675446
#demo
0.482973262375,0.579871217445
#obj weights
-0.0026461577227778242,-0.09570600958530494,-0.07445528480450289,-0.048242767221024954
#abs weights
-0.026986033420813068,0.026786115846353986,-0.010497338807552147,-0.006117686591540863,0.556178813199097,-0.004018663701017662,-0.062394023459165775,0.037906867564186826,-0.048064238076662255
