#query
0.308521214416,0.4567878679
0.51080464658,0.793476558582
0.966693936616,0.449064621725
0.337766209126,0.814081833457
#alpha obj weights
-0.03737999302390581,-0.06159132528432662,-0.02775893671698637,-0.11349732575179433
#alpha abs weights
0.006787600127294061,0.05970756222968943,-0.057672823668187705,-0.027758935699918823,0.371150913470805,-0.026050853980510106,-0.11047884003154598,0.08398239966763926,-0.01618249034739651
#demo
0.505449104118,0.41413393384
#obj weights
-0.08051408987581006,-0.0485882452896484,-0.04316413957773516,-0.04886704475545987
#abs weights
-0.049016257659793935,0.03973405929294482,-0.01702263750370145,0.09698678830313666,0.4734079516066755,0.005784215093694622,-0.04849249260428906,-0.02281005144262982,0.02561202699448081
