#query
0.308521214416,0.4567878679
0.987315843705,0.419009675474
0.966693936616,0.449064621725
0.337766209126,0.814081833457
#alpha obj weights
-0.0686704980849029,-0.030463132451275368,-0.02077384403308972,-0.09277877549311324
#alpha abs weights
0.040692963004912076,-0.1478880926420487,0.008640863379539038,-0.009538364326030394,0.40140105965503614,0.051415245544750326,-0.06515233084540095,-0.05375131462190037,0.008833515918000733
#demo
0.466733788511,0.47024928819
#obj weights
-0.08138222894269621,-0.04198965870903836,-0.06448042026882865,-0.028824071304525998
#abs weights
0.02518252001594016,-0.019909165298799113,0.012948679364456407,0.05499735973987319,0.5618356373177628,0.0038951411387593772,-0.011564604214704548,-0.05813286694865819,0.03485764673595703
