#query
0.308521214416,0.4567878679
0.987315843705,0.419009675474
0.966693936616,0.449064621725
0.911595988521,0.861348545727
#alpha obj weights
-0.06514682132338545,0.038118544461770036,0.010016073565531683,-0.014196972439485313
#alpha abs weights
0.06093729580242342,0.05685664412584258,0.04652075457539949,0.1318945155190532,0.2054268483869432,0.19468206413784064,0.0747133471144183,0.024385566314501513,-0.07710455223340511
#demo
0.42783038776,0.495698602693
#obj weights
-0.04105029359224776,-0.06025396300434566,-0.06506144594198393,-0.03224188760715763
#abs weights
-0.10577228392560654,0.05240004121260552,-0.06409570586452569,0.03355450576222923,0.39380069603996143,0.04738083853699491,-0.029336008031370438,0.0227954351970424,-0.052256895283929024
