#query
0.25,0.75
0.267974531878,0.38579474967
0.25,0.25
0.75,0.25
#alpha obj weights
-0.03840787877271706,-0.1243041015039276,-0.048868461339130316,-0.017670571092063214
#alpha abs weights
-0.04719169657622552,0.05966823467201049,0.08058819435521045,0.17775281076409646,0.14387282385551572,0.13638813284176926,0.05363251348149535,-0.012179162317886448,0.05947541842795198
#demo
0.579458717649,0.562178079648
#obj weights
0.08692042679144255,-0.05708720686723029,0.01925330460078508,0.03893951278108568
#abs weights
0.06450086292751475,0.0412121949453985,0.08193718028896849,-0.020594043251136274,0.376593244898717,0.12244396839568807,0.07307964006088649,-0.009328833153692583,-0.008109581037454088
