#query
0.894413489852,0.175670355601
0.267974531878,0.38579474967
0.413011703962,0.589634045157
0.133745003853,0.0230154063211
#alpha obj weights
0.11883373966168785,-0.0005350580381804741,0.020516918564591383,-0.05988559398244941
#alpha abs weights
-0.21124908596271447,0.061924883906120554,-0.1626921805198107,-0.08324809646575214,0.08956900337763035,0.08669234556409373,-0.04903668455613965,0.01842291872430949,-0.03739349067651979
#demo
0.545088726591,0.563089026361
#obj weights
-0.008225497912599066,-0.05571315731378213,-0.0157775107825286,-0.034090229053580307
#abs weights
-0.09287869882962847,0.06331170019484586,0.0014421720912884592,0.06283027112541835,0.38127644524449683,0.05871191313239243,-0.08137432352598821,0.06136183008457801,-0.08300625070887326
