#query
0.25,0.75
0.267974531878,0.38579474967
0.413011703962,0.589634045157
0.133745003853,0.0230154063211
#alpha obj weights
-0.01872819894288764,0.011770108243202744,-0.06269312886547572,0.1563256030307652
#alpha abs weights
0.19889781397378611,0.03926789948660576,0.04932244449151916,-0.0650108266707457,0.18976701991807912,-0.000599501298547762,0.10510274069450914,0.01614274938616065,-0.08637196499771538
#demo
0.621349169308,0.492747152811
#obj weights
-0.10147709018962132,-0.03494159897607058,0.01679403339281313,-0.13213521481365856
#abs weights
0.009836167382861064,0.010846895979157896,0.032023132856780226,0.03402898447839695,0.46816067066052625,0.05206809008872903,-0.0678745826633079,0.020008181217450266,-0.019805357300626953
