#query
0.894413489852,0.175670355601
0.987315843705,0.419009675474
0.966693936616,0.449064621725
0.911595988521,0.861348545727
#alpha obj weights
-0.1179846161323216,0.07095162898243851,0.10361606217516767,-0.04943435169516202
#alpha abs weights
-0.014235179537018316,0.056839326986539776,0.0713480776910114,0.12111240261661292,0.14692365975118554,0.03425213351317058,-0.07676242767346533,-0.005500665390272895,0.13103946785563345
#demo
0.38696929051,0.508691946523
#obj weights
-0.09191246943141017,-0.049470078119787174,-0.04118643580462722,-0.0834912955431378
#abs weights
0.011255295450065813,0.024458322358373252,-0.03020456428172797,0.001559481397046139,0.5470314157728888,0.014500178923347849,-0.06313416029310466,0.03837330064212346,-0.0034230019823595125
