#query
0.894413489852,0.175670355601
0.267974531878,0.38579474967
0.966693936616,0.449064621725
0.911595988521,0.861348545727
#alpha obj weights
-0.019581977108810156,-0.0010662746478081815,0.10931323349004864,0.06191364815585255
#alpha abs weights
-0.12263183118567708,0.016273924809505548,0.09604577360216754,0.08431050238130484,0.20232981716947865,-0.046744790142127415,-0.23536273752164247,-0.0002283257587941903,0.004197164026782865
#demo
0.438217003925,0.526516409865
#obj weights
-0.02368047906588869,-0.02697953948488225,-0.03244570248188698,-0.026866784799229708
#abs weights
-0.004346338971993307,0.15437912456631636,-0.06732892396739616,-0.05050713665500424,0.4696804045865719,0.013667512438314799,-0.012625155359036815,0.10569281476557697,-0.011800082857901741
