#query
0.25,0.75
0.267974531878,0.38579474967
0.413011703962,0.589634045157
0.75,0.25
#alpha obj weights
-0.020020535890884192,-0.004588006429686987,-0.14809879527046887,0.0826381699115179
#alpha abs weights
-0.009676606100066935,-0.018114568252926372,-0.019514678975478365,0.06252466648796336,0.26735696794364416,-0.04377457978133423,0.14525663176305734,-0.03433607917701745,-0.14409971401595392
#demo
0.569837450925,0.510399802228
#obj weights
0.00240753282973785,-0.09112083175780915,0.03875833934115131,0.038452609836372074
#abs weights
-0.015093856162356388,0.005183747161263138,0.03423678958253636,-0.12778085661559924,0.4563911974724303,0.050945156104595456,-0.017377603950774832,0.003017596233224229,-0.11923388295214979
