#query
0.548813503927,0.715189366372
0.873933419949,0.0226021104525
0.364625449834,0.0504795528385
0.437587211263,0.891773000782
0.963662760501,0.383441518826
0.014302334927,0.0311054183479
#alpha obj weights
0.052596701808556814,0.03144928894077411,0.28619082879324953,0.04372572237016582,-0.12454748058140244,0.0703727480109135
#alpha abs weights
0.025195164789086937,0.05975650514863153,0.10069847549338481,-0.09727749468055026,0.013471465602235961,-0.006521034781849358,-0.04386884912221553,0.025205362056134467,0.019122877820848982
#demo
0.548813504013,0.715189365307
#obj weights
0.1984444253905309,0.03814835226176833,0.13685281884575654,0.19072859741268777,-0.04995225753785814,-0.04235455793479873
#abs weights
-0.06360772823152223,-0.007515278156068594,0.04821754905085173,-0.0035967017187661173,0.07901906876977767,0.08509572197579278,-0.0067169926383689954,-0.019975012004648768,0.029774938070802816
