#query
0.836647466642,0.036537626446
0.140263877349,0.853576315632
0.136716762783,0.972129957469
0.00282791772658,0.0283035631304
0.963662760501,0.383441518826
0.014302334927,0.0311054183479
#alpha obj weights
0.15304448997009543,0.1146856036242244,0.02500527840735543,0.09167233972709139,-0.06347087219163768,-0.10151622157021575
#alpha abs weights
-0.006971480999835483,0.12525695806634418,-0.02067544049054319,-0.09275026982362695,0.05258354135166717,0.03480553511565955,-0.04777807213015745,0.0066791606037765044,0.06310473592776958
#demo
0.836647463913,0.0365376263921
#obj weights
0.3907885668627416,0.1467789093530248,-0.03670167701308961,0.054590917138986964,-0.09734783379307747,-0.03219364369149595
#abs weights
0.004912218236629779,0.015343910228621421,-0.009618925478231165,-0.02633240650080252,-0.01495414817248319,0.07178617285416555,-0.08285657910159397,-0.0008981307555432284,0.01489596081951275
