#query
0.548813503927,0.715189366372
0.602763376072,0.544883182997
0.423654799339,0.645894113067
0.437587211263,0.891773000782
0.963662760501,0.383441518826
0.014302334927,0.0311054183479
#alpha obj weights
0.08177583104340724,-0.015474862521328797,0.048395482193604705,0.1020255937163179,-0.16364142927833808,0.06197995405573335
#alpha abs weights
-0.07486793566617436,-0.13266795488300437,0.0590474549817259,-0.04326755634432245,0.02134041195386591,0.04023498975648407,0.10240060611287417,-0.05248836305693311,-0.00039157443588554543
#demo
0.548813504007,0.715189365823
#obj weights
0.11158277780763168,0.12437617366928508,0.15759947526620735,0.16973661534276666,0.014830638265399952,0.04055377955491976
#abs weights
-0.06254667260912813,0.06281425566463787,0.05033219852129751,0.023020977825774173,0.009612791109701044,0.11259926164843241,-0.0064119188419675096,-0.03458609549787888,0.019396368374971787
