#query
0.548813503927,0.715189366372
0.873933419949,0.0226021104525
0.423654799339,0.645894113067
0.437587211263,0.891773000782
0.963662760501,0.383441518826
0.014302334927,0.0311054183479
#alpha obj weights
0.08881659992942961,0.08805708054630551,0.006425982060303315,0.08279455253405718,0.04405629598380426,0.10332906563575105
#alpha abs weights
0.01750982166405288,0.07306199506208876,-0.07788226705868195,-0.07173048593461245,-0.057054892813811674,-0.07141935757623888,0.045582400246912805,0.10594624368971733,-0.06633295926423224
#demo
0.548813504702,0.715189366741
#obj weights
0.2612037721719155,0.0059338563715168255,0.11282218586685469,0.04191926771910221,-0.022949847294354446,0.07946805247415525
#abs weights
0.004776893735337642,0.004585466929383645,0.03691256155601091,-0.04142786656750348,0.12592956279785075,0.029599474711399933,0.016606462792413075,-0.2111050503338811,-0.004759678678320374
