#query
0.548813503927,0.715189366372
0.602763376072,0.544883182997
0.423654799339,0.645894113067
0.437587211263,0.891773000782
0.963662760501,0.383441518826
0.791725038083,0.528894919753
#demo
0.548813503962,0.71518936675
#obj weights
0.2150712831506017,0.031230364731256347,0.04983269932032263,0.018515349769006647,0.018967823700549634,-0.01472555272766746
#abs weights
-0.05657865261099999,0.11138084354833416,0.026276659488872856,0.026053362322793212,0.14361733793821363,0.07266455334086153,-0.013428315831913649,-0.09952704449699136,-0.10213015702161506
