#query
0.836647466642,0.036537626446
0.140263877349,0.853576315632
0.136716762783,0.972129957469
0.00282791772658,0.0283035631304
0.963662760501,0.383441518826
0.759092967986,0.0928035598781
#alpha obj weights
0.13244093866882145,0.04681043344800391,0.011146457307777854,-0.009663311132843263,0.060423668552322396,-0.10090438951335971
#alpha abs weights
-0.03398858249545302,0.14352800906483812,-0.04476465524077352,-0.043586250085445706,0.08900877070722821,-0.10973817637580531,0.005209390997664373,-0.04974971697393926,0.11903724943572384
#demo
0.836647464864,0.0365376293963
#obj weights
0.46187910389668085,0.07079403205012552,0.010976009015633947,-0.0586735644709036,-0.06594654389760407,0.00022275753860567254
#abs weights
-0.09478687815024676,0.02283651189360662,0.048987690804121596,0.06696979347352207,0.00022618048662712966,-0.011530517260425836,0.026220299359256544,-0.023027979167177307,0.03692213853546249
