#query
0.00429821977876,0.570744709125
0.140263877349,0.853576315632
0.136716762783,0.972129957469
0.00282791772658,0.0283035631304
0.40946022686,0.756082664989
0.759092967986,0.0928035598781
#alpha obj weights
0.3242398306960152,-0.010957269345083984,-0.003971279384593983,0.15946225136484063,-0.03872608817722494,0.00595368710360219
#alpha abs weights
-0.053267973375748734,0.018671232359875334,-0.03376983669355576,-0.10125603454061902,0.03334499933762678,-0.004345665217904705,0.03001047664701828,0.03009388155334742,0.15192949420294297
#demo
0.00429822257563,0.570744710772
#obj weights
0.4445069533501927,0.02252702875284887,0.018524674107284932,0.03833287093427234,-0.044877391297078136,-0.08649264159033851
#abs weights
0.02568307391698261,0.016786962129608514,0.01065668320829183,1.047860380944159e-05,0.08770088795897317,-0.015112274874972124,-0.032923703089395816,0.028009768969289445,0.1278546072166615
