#query
0.836647466642,0.036537626446
0.140263877349,0.853576315632
0.364625449834,0.0504795528385
0.00282791772658,0.0283035631304
0.963662760501,0.383441518826
0.014302334927,0.0311054183479
#alpha obj weights
0.29388014838805626,0.18925186693121096,0.014410890429070925,-0.006061886023825215,-0.028057718100097977,0.12103596372627314
#alpha abs weights
-0.010818317035094173,0.009514907197292045,0.05445690667692689,0.04647762701379032,-0.05756175198381543,0.020866012556451027,0.014812059022559212,-0.06766227191009659,-0.06513167300543977
#demo
0.836647465716,0.0365376282998
#obj weights
0.47534150619987825,-0.004849669608278254,-0.12416516668799805,0.019115837808136242,0.061611111135309045,-0.014432916093682009
#abs weights
-0.0030539523273497857,0.03393190794909561,0.003823724243007749,0.09116473102465646,-0.006647992099090353,-0.009420315107221309,-0.062134958921364405,0.06391115660625049,0.026395054188682075
