#query
0.548813503927,0.715189366372
0.873933419949,0.0226021104525
0.364625449834,0.0504795528385
0.00282791772658,0.0283035631304
0.963662760501,0.383441518826
0.014302334927,0.0311054183479
#alpha obj weights
0.10890811791383138,0.007899936383150341,0.04540417262240141,0.0907516485512159,0.04431083808770423,0.08868684668079763
#alpha abs weights
-0.13180413540565175,0.15350439165162258,-0.03211515398304912,0.10953672263939829,-0.020946447333815503,0.010588375967558196,0.06073847858536209,-0.07970435212570837,0.015100382068733159
#demo
0.548813504054,0.715189365999
#obj weights
0.3008224930528115,0.07694769269600807,0.0020067613663763023,0.1060951486951522,0.002057562887163089,-0.1179948140472245
#abs weights
-0.025952811283316793,0.020062627142829033,0.023207049582350446,-0.027502386601628067,0.16948997685480127,-0.03567157798240367,0.005620087157270198,-0.05680561464697818,-0.02976339600368677
