#query
0.836647466642,0.036537626446
0.140263877349,0.853576315632
0.136716762783,0.972129957469
0.00282791772658,0.0283035631304
0.40946022686,0.756082664989
0.759092967986,0.0928035598781
#alpha obj weights
0.37769439513211767,0.03980069019873552,-0.06562183315423084,0.029113446521063898,0.01771221037926803,-0.07638143889610886
#alpha abs weights
-0.007044670669999565,-0.008916690187322636,0.009362023489526403,0.07228345259789813,-0.006653001973856258,0.0012625071314581106,0.1471154204948671,-0.05495341859061172,-0.08608480058293545
#demo
0.836647467085,0.0365376281395
#obj weights
0.5439036417855329,0.07711272377837906,0.005305058545389159,0.07232694720282136,0.01380956939402522,0.00416328374522717
#abs weights
-0.027439639587506105,0.05978703211427601,-0.008906888512791013,0.084607211776807,0.021539869239862525,0.009304013231718927,-0.01878695780722179,0.0125968664454246,0.04041029683301738
