#query
0.836647466642,0.036537626446
0.873933419949,0.0226021104525
0.364625449834,0.0504795528385
0.00282791772658,0.0283035631304
0.963662760501,0.383441518826
0.014302334927,0.0311054183479
#alpha obj weights
-0.06853489985654099,-0.015197749014912944,0.07188782092894752,0.043818490144007245,0.08404514228446668,0.04467374205283518
#alpha abs weights
0.04787393942777108,0.19765094805225655,-0.013802847092930762,-0.02095862845097422,0.17195692064378074,0.06748751211448238,-0.08500666895930414,-0.04405558849686237,0.023049102479927117
#demo
0.836647463298,0.0365376277164
#obj weights
0.4400932106686154,-0.004676144595876446,0.021851323659198688,-0.05244255183903119,-0.016619215148230903,-0.03657553117359781
#abs weights
-0.04526892480410303,0.10267252566739438,-0.023990495087588434,-0.04677088971728322,0.1266116137800489,-0.045858993049660665,0.002009643571959983,-0.004148183658840121,-0.030410753578570978
